bogdan:$ python rot.py 
n=10
2.28462967655
0.690278532109
3.68250706566
0.081014052771
2.830830026
1.169169974
3.91898594723
0.317492934338
3.30972146789
1.71537032345


bogdan:$ time python rot.py 
n=20
2.73068204873
1.0
3.46610374366
0.198062264195
3.91114561157
1.55495813209
3.0
0.53389625634
3.97766165245
1.26931795127
2.14946018717
0.0223383475497
3.65247754863
1.85053981283
2.44504186791
0.0888543884277
3.8019377358
0.347522451368
3.24697960372
0.753020396283

real	0m1.996s
user	0m0.224s
sys	0m0.004s


bogdan:$ time python rot.py 
n=50
2.77957174659
0.895270054079
3.39226789193
0.135055541191
3.90588400085
1.45267401986
3.20526927276
0.521982165559
3.96594619937
1.22042825341
2.30678330976
0.0151589806561
3.76202438857
1.81546328107
3.0
0.299565728541
3.63239382471
0.607732108074
2.54732598014
0.367606175288
3.99620665747
1.69321669024
3.47801783444
0.06040612793
3.70043427146
0.794730727241
2.06159011711
0.183069456361
3.86494445881
1.33529040104
3.10472994592
0.00379334252591
3.93959387207
1.10852328845
2.42786616641
0.441838850949
3.55816114905
1.0
2.66470959896
0.0340538006322
3.98484101934
1.93840988289
3.30123660041
0.237975611428
2.18453671893
0.698763399592
3.81693054364
0.0941159991457
2.89147671155
1.57213383359

real	0m7.784s
user	0m7.002s
sys	0m0.008s


bogdan:$ time python rot.py 
n=100
2.70025289838
1.01801183805
3.46811705752
0.305370590084
3.88406852694
1.59838585429
3.14006451643
0.531882942481
3.7573868002
1.24182319232
2.34048711144
0.0472211588728
3.97586087948
1.84463230542
2.92732706397
0.11593147306
3.99129869594
0.759980905078
2.52264384643
0.00870130406196
3.62531582766
1.29974710162
3.33517628043
0.213769967626
3.69462940992
0.911591634488
2.09328078077
0.0778581192026
3.9383979984
1.72096932211
2.81536722988
0.374684172343
3.8622881242
0.619159958857
2.46235264423
0.000967435416024
3.81334520235
1.96889637616
3.24001909492
0.242613199801
3.4251679283
0.964300750203
2.21730430017
0.0241391205185
3.99903256458
1.47735615357
3.0356992498
0.450285785794
3.9221418808
0.809382271447
2.64165153963
0.0959737849345
3.66077596553
1.78269569983
3.19061772855
0.161293922036
3.54971421421
1.12823116305
2.27903067789
0.0154602552734
3.96527049644
1.35834846037
2.98198816195
0.490354121693
3.98453974473
0.664823719568
2.75817680768
0.137711875805
3.78623003237
1.65951288856
3.38084004114
0.33922403447
3.72684340979
1.18463277012
2.03110362384
0.00386880573281
3.90402621507
1.53764735577
2.87176883695
0.273156590207
3.50964587831
0.859935483572
2.40161414571
0.0616020016007
3.99613119427
1.41757057555
3.2882208229
0.574832071705
3.95277884113
1.07267293603
2.58242942445
0.41171669831
3.58828330169
1.90671921923
2.15536769458
0.0347295035555
3.83870607796
0.186654797646
3.08840836551
0.711779177099

real	1m52.763s
user	1m51.477s
sys	0m0.072s



