bogdan:$ python gauss.py 
n=10
Numar de iteratii: 51.0
0.454545454576
0.0909090908988
0.363636363649
0.181818181806
0.272727272736
0.272727272718
0.181818181825
0.36363636363
0.090909090912
0.454545454543


n=20
Numar de iteratii: 187.0
0.476190476604
0.0476190468415
0.428571429661
0.0952380938923
0.380952382499
0.142857141166
0.333333335116
0.190476188652
0.285714287532
0.238095236326
0.238095239779
0.285714284148
0.1904761919
0.333333332073
0.14285714394
0.380952380056
0.0952380959446
0.428571428054
0.0476190479538
0.476190476029

real	0m2.453s
user	0m1.142s
sys	0m0.012s



bogdan:$ time python gauss.py 
n=50
Numar de iteratii: 971.0
0.49019607994
0.0196078401482
0.470588239729
0.0392156804324
0.450980399362
0.0588235208918
0.431372558802
0.0784313615616
0.411764718015
0.0980392024729
0.392156876972
0.117647043652
0.372549035651
0.137254885121
0.352941194031
0.156862726895
0.333333352099
0.176470568987
0.313725509846
0.196078411403
0.294117667268
0.215686254143
0.274509824366
0.235294097204
0.254901981148
0.254901940577
0.235294137623
0.27450978425
0.215686293807
0.294117628204
0.196078449719
0.313725472419
0.176470605382
0.333333316872
0.156862760822
0.352941161534
0.137254916066
0.372549006376
0.117647071145
0.392156851367
0.098039226092
0.411764696474
0.0784313809392
0.431372541664
0.0588235357203
0.450980386903
0.0392156904689
0.470588232159
0.0196078452182
0.490196077397

real	0m31.381s
user	0m29.943s
sys	0m0.032s


bogdan:$ time python gauss.py 
n=100
Numar de iteratii: 3221.0
0.495049508905
0.00990098220872
0.485148526654
0.019801964509
0.475247544297
0.0297029469304
0.465346561805
0.0396039295016
0.455445579148
0.0495049122506
0.4455445963
0.0594058952044
0.435643613234
0.0693068783891
0.425742629924
0.0792078618297
0.415841646347
0.08910884555
0.405940662478
0.0990098295724
0.396039678296
0.108910813918
0.386138693781
0.118811798607
0.376237708914
0.128712783657
0.366336723677
0.138613769085
0.356435738054
0.148514754907
0.34653475203
0.158415741135
0.336633765594
0.168316727782
0.326732778734
0.178217714858
0.316831791441
0.18811870237
0.306930803707
0.198019690327
0.297029815527
0.207920678732
0.287128826897
0.217821667588
0.277227837814
0.227722656898
0.267326848278
0.23762364666
0.25742585829
0.247524636872
0.247524867854
0.257425627531
0.237623876974
0.26732661863
0.227722885657
0.277227610163
0.217821893911
0.28712860212
0.207920901745
0.297029594492
0.198019909171
0.306930587265
0.188118916201
0.316831580428
0.17821792285
0.326732573964
0.168316929133
0.336633567857
0.158415935067
0.346534562091
0.14851494067
0.356435556646
0.138613945961
0.366336551504
0.128712950961
0.376237546642
0.118811955691
0.386138542039
0.108910960172
0.396039537673
0.0990099644278
0.405940533521
0.089108968482
0.415841529559
0.0792079723586
0.425742525762
0.0693069760823
0.435643522105
0.0594059796783
0.445544518564
0.0495049831718
0.455445515112
0.0396039865885
0.465346511724
0.029702989954
0.475247508374
0.0198019932941
0.485148505037
0.00990099663431
0.495049501688

real	6m12.228s
user	6m9.270s
sys	0m0.296s



