bogdan:$ python jacobi.py 
n=10
Numar de iteratii: 202.0
0.454545454545
0.0909090909093
0.363636363636
0.181818181818
0.272727272727
0.272727272727
0.181818181818
0.363636363636
0.0909090909093
0.454545454545


bogdan:$ python jacobi.py 
n=20
Numar de iteratii: 728.0
0.47619047619
0.0476190476194
0.428571428571
0.0952380952386
0.380952380952
0.142857142858
0.333333333333
0.190476190477
0.285714285714
0.238095238095
0.238095238095
0.285714285714
0.190476190477
0.333333333333
0.142857142858
0.380952380952
0.0952380952386
0.428571428571
0.0476190476194
0.47619047619



bogdan:$ python jacobi.py 
n=50
Numar de iteratii: 4105.0
0.490196078431
0.0196078431378
0.470588235293
0.0392156862756
0.450980392156
0.0588235294133
0.431372549018
0.0784313725509
0.41176470588
0.0980392156884
0.392156862743
0.117647058826
0.372549019606
0.137254901963
0.352941176468
0.1568627451
0.333333333331
0.176470588237
0.313725490194
0.196078431374
0.294117647058
0.215686274511
0.274509803921
0.235294117647
0.254901960784
0.254901960784
0.235294117647
0.274509803921
0.215686274511
0.294117647058
0.196078431374
0.313725490194
0.176470588237
0.333333333331
0.1568627451
0.352941176468
0.137254901963
0.372549019606
0.117647058826
0.392156862743
0.0980392156884
0.41176470588
0.0784313725509
0.431372549018
0.0588235294133
0.450980392156
0.0392156862756
0.470588235293
0.0196078431378
0.490196078431



bogdan:$ python jacobi.py 
n=100
Numar de iteratii: 15454.0
0.49504950495
0.00990099009981
0.48514851485
0.0198019801996
0.475247524751
0.0297029702994
0.465346534651
0.0396039603991
0.455445544551
0.0495049504988
0.445544554451
0.0594059405984
0.435643564352
0.069306930698
0.425742574252
0.0792079207975
0.415841584153
0.0891089108969
0.405940594053
0.0990099009962
0.396039603954
0.108910891095
0.386138613855
0.118811881195
0.376237623756
0.128712871294
0.366336633657
0.138613861392
0.356435643558
0.148514851491
0.346534653459
0.15841584159
0.336633663361
0.168316831689
0.326732673262
0.178217821787
0.316831683164
0.188118811886
0.306930693065
0.198019801984
0.297029702967
0.207920792082
0.287128712868
0.217821782181
0.27722772277
0.227722772279
0.267326732672
0.237623762377
0.257425742574
0.247524752475
0.247524752475
0.257425742574
0.237623762377
0.267326732672
0.227722772279
0.27722772277
0.217821782181
0.287128712868
0.207920792082
0.297029702967
0.198019801984
0.306930693065
0.188118811886
0.316831683164
0.178217821787
0.326732673262
0.168316831689
0.336633663361
0.15841584159
0.346534653459
0.148514851491
0.356435643558
0.138613861392
0.366336633657
0.128712871294
0.376237623756
0.118811881195
0.386138613855
0.108910891095
0.396039603954
0.0990099009962
0.405940594053
0.0891089108969
0.415841584153
0.0792079207975
0.425742574252
0.069306930698
0.435643564352
0.0594059405984
0.445544554451
0.0495049504988
0.455445544551
0.0396039603991
0.465346534651
0.0297029702994
0.475247524751
0.0198019801996
0.48514851485
0.00990099009981
0.49504950495
