bogdan:$ python gradient.py 
n=10
0.454545454545
0.0909090909091
0.363636363636
0.181818181818
0.272727272727
0.272727272727
0.181818181818
0.363636363636
0.0909090909091
0.454545454545

bogdan:$ time python gradient.py 
n=20
0.47619047619
0.047619047619
0.428571428571
0.0952380952381
0.380952380952
0.142857142857
0.333333333333
0.190476190476
0.285714285714
0.238095238095
0.238095238095
0.285714285714
0.190476190476
0.333333333333
0.142857142857
0.380952380952
0.0952380952381
0.428571428571
0.047619047619
0.47619047619

real	0m0.982s
user	0m0.014s
sys	0m0.005s


bogdan:$ time python gradient.py 
n=50
0.490196078431
0.0196078431373
0.470588235294
0.0392156862745
0.450980392157
0.0588235294118
0.43137254902
0.078431372549
0.411764705882
0.0980392156863
0.392156862745
0.117647058824
0.372549019608
0.137254901961
0.352941176471
0.156862745098
0.333333333333
0.176470588235
0.313725490196
0.196078431373
0.294117647059
0.21568627451
0.274509803922
0.235294117647
0.254901960784
0.254901960784
0.235294117647
0.274509803922
0.21568627451
0.294117647059
0.196078431373
0.313725490196
0.176470588235
0.333333333333
0.156862745098
0.352941176471
0.137254901961
0.372549019608
0.117647058824
0.392156862745
0.0980392156863
0.411764705882
0.078431372549
0.43137254902
0.0588235294118
0.450980392157
0.0392156862745
0.470588235294
0.0196078431373
0.490196078431

real	0m1.023s
user	0m0.041s
sys	0m0.004s

bogdan:$ time python gradient.py 
n=100
0.49504950495
0.00990099009901
0.485148514851
0.019801980198
0.475247524752
0.029702970297
0.465346534653
0.039603960396
0.455445544554
0.049504950495
0.445544554455
0.0594059405941
0.435643564356
0.0693069306931
0.425742574257
0.0792079207921
0.415841584158
0.0891089108911
0.405940594059
0.0990099009901
0.39603960396
0.108910891089
0.386138613861
0.118811881188
0.376237623762
0.128712871287
0.366336633663
0.138613861386
0.356435643564
0.148514851485
0.346534653465
0.158415841584
0.336633663366
0.168316831683
0.326732673267
0.178217821782
0.316831683168
0.188118811881
0.306930693069
0.19801980198
0.29702970297
0.207920792079
0.287128712871
0.217821782178
0.277227722772
0.227722772277
0.267326732673
0.237623762376
0.257425742574
0.247524752475
0.247524752475
0.257425742574
0.237623762376
0.267326732673
0.227722772277
0.277227722772
0.217821782178
0.287128712871
0.207920792079
0.29702970297
0.19801980198
0.306930693069
0.188118811881
0.316831683168
0.178217821782
0.326732673267
0.168316831683
0.336633663366
0.158415841584
0.346534653465
0.148514851485
0.356435643564
0.138613861386
0.366336633663
0.128712871287
0.376237623762
0.118811881188
0.386138613861
0.108910891089
0.39603960396
0.0990099009901
0.405940594059
0.0891089108911
0.415841584158
0.0792079207921
0.425742574257
0.0693069306931
0.435643564356
0.0594059405941
0.445544554455
0.049504950495
0.455445544554
0.039603960396
0.465346534653
0.029702970297
0.475247524752
0.019801980198
0.485148514851
0.00990099009901
0.49504950495

real	0m1.151s
user	0m0.222s
sys	0m0.008s
